# HD209458b Hot spot (longitude=180 and latitude=0) forcing temperature
# Columns are: Sigma (P/P_0, P_0=220e5), Height(m), Temperature(K)
#
  1.0000000        0.0000000         2758.7639    
 0.66386437        314608.00         2487.4170    
 0.44071597        629216.00         2248.6799    
 0.29257560        943824.00         2049.7468    
 0.19423053        1258424.0         1899.9128    
 0.12894271        1573032.0         1810.5620    
 8.56004879E-02    1887640.0         1795.1744    
 5.68271205E-02    2202248.0         1869.3286    
 3.77254970E-02    2516856.0         2111.7024    
 2.50446107E-02    2831464.0         2119.0388    
 1.66262239E-02    3146072.0         2124.1133    
 1.10375565E-02    3460672.0         2133.5032    
 7.32744299E-03    3775280.0         2144.1943    
 4.86443052E-03    4089888.0         2149.9216    
 3.22932168E-03    4404496.0         2144.8484    
 2.14383146E-03    4719104.0         2125.3384    
 1.42321317E-03    5033712.0         2090.4758    
 9.44819942E-04    5348320.0         2041.7983    
 6.27232541E-04    5662920.0         1982.6195    
 4.16397117E-04    5977528.0         1917.2052    
 2.76431296E-04    6292136.0         1849.9904    
 1.83512879E-04    6606744.0         1784.9332    
 1.21827645E-04    6921352.0         1725.0818    
 8.08770274E-05    7235960.0         1672.3499    
 5.36914231E-05    7550560.0         1627.4969    
 3.56438213E-05    7865168.0         1590.2700    
 2.36626802E-05    8179776.0         1559.6504    
 1.57087961E-05    8494384.0         1534.1643    
 1.04285182E-05    8808992.0         1512.1941    
 6.92312142E-06    9123600.0         1492.2546    
 4.59601324E-06    9438208.0         1473.1899    
 3.05112621E-06    9752808.0         1454.2701
