# HD209458b Hot Spot-Night (longitude=180 and latitude=0) forcing temperature
# Columns are: Sigma (P/P_0, P_0=220e5), Height(m), Temperature(K)
#
  1.0000000        0.0000000         0.0
 0.66386437        314608.00         0.0
 0.44071597        629216.00         0.0
 0.29257560        943824.00         0.0
 0.19423053        1258424.0         0.0
 0.12894271        1573032.0         0.0
 8.56004879E-02    1887640.0         0.0
 5.68271205E-02    2202248.0         0.0
 3.77254970E-02    2516856.0         550.7705
 2.50446107E-02    2831464.0         593.7776
 1.66262239E-02    3146072.0         630.3924
 1.10375565E-02    3460672.0         667.7715
 7.32744299E-03    3775280.0         708.9422
 4.86443052E-03    4089888.0         754.0084
 3.22932168E-03    4404496.0         801.261
 2.14383146E-03    4719104.0         848.1063
 1.42321317E-03    5033712.0         891.811
 9.44819942E-04    5348320.0         930.0288
 6.27232541E-04    5662920.0         961.1239
 4.16397117E-04    5977528.0         984.31891
 2.76431296E-04    6292136.0         999.69188
 1.83512879E-04    6606744.0         1008.05423
 1.21827645E-04    6921352.0         1010.75868
 8.08770274E-05    7235960.0         1009.46019
 5.36914231E-05    7550560.0         1005.8777
 3.56438213E-05    7865168.0         1001.57945
 2.36626802E-05    8179776.0         997.80781
 1.57087961E-05    8494384.0         995.37707
 1.04285182E-05    8808992.0         994.63197
 6.92312142E-06    9123600.0         995.47256
 4.59601324E-06    9438208.0         997.46346
 3.05112621E-06    9752808.0         999.93868
