 Terminator
 Pressure(Pa), Exner Pressure, P_tilda, cos_theta_longitude, cos_theta_latitude, t_relax(s)
   22000000.       1.0000000       2.3424227       0.0000000       0.0000000            Infinity        Infinity
   22000000.       1.0000000       2.3424227       0.0000000       0.0000000            Infinity        Infinity
   22000000.       1.0000000       2.3424227       0.0000000      0.50000000            Infinity        Infinity
   22000000.       1.0000000       2.3424227       0.0000000      0.50000000            Infinity        Infinity
   22000000.       1.0000000       2.3424227       0.0000000      0.86600000            Infinity        Infinity
   22000000.       1.0000000       2.3424227       0.0000000      0.86600000            Infinity        Infinity
   22000000.       1.0000000       2.3424227       0.0000000       1.0000000            Infinity        Infinity
   22000000.       1.0000000       2.3424227       0.0000000       1.0000000            Infinity        Infinity
   22000000.       1.0000000       2.3424227       0.0000000      0.86600000            Infinity        Infinity
   22000000.       1.0000000       2.3424227       0.0000000      0.86600000            Infinity        Infinity
   22000000.       1.0000000       2.3424227       0.0000000      0.50000000            Infinity        Infinity
   22000000.       1.0000000       2.3424227       0.0000000      0.50000000            Infinity        Infinity
   22000000.       1.0000000       2.3424227       0.0000000       0.0000000            Infinity        Infinity
   22000000.       1.0000000       2.3424227       0.0000000       0.0000000            Infinity        Infinity
   10000000.      0.77639425       2.0000000       0.0000000       0.0000000            Infinity        Infinity
   10000000.      0.77639425       2.0000000       0.0000000       0.0000000            Infinity        Infinity
   10000000.      0.77639425       2.0000000       0.0000000      0.50000000            Infinity        Infinity
   10000000.      0.77639425       2.0000000       0.0000000      0.50000000            Infinity        Infinity
   10000000.      0.77639425       2.0000000       0.0000000      0.86600000            Infinity        Infinity
   10000000.      0.77639425       2.0000000       0.0000000      0.86600000            Infinity        Infinity
   10000000.      0.77639425       2.0000000       0.0000000       1.0000000            Infinity        Infinity
   10000000.      0.77639425       2.0000000       0.0000000       1.0000000            Infinity        Infinity
   10000000.      0.77639425       2.0000000       0.0000000      0.86600000            Infinity        Infinity
   10000000.      0.77639425       2.0000000       0.0000000      0.86600000            Infinity        Infinity
   10000000.      0.77639425       2.0000000       0.0000000      0.50000000            Infinity        Infinity
   10000000.      0.77639425       2.0000000       0.0000000      0.50000000            Infinity        Infinity
   10000000.      0.77639425       2.0000000       0.0000000       0.0000000            Infinity        Infinity
   10000000.      0.77639425       2.0000000       0.0000000       0.0000000            Infinity        Infinity
   1000000.0      0.37075099       1.0000000       0.0000000       0.0000000            Infinity        Infinity
   1000000.0      0.37075099       1.0000000       0.0000000       0.0000000            Infinity        Infinity
   1000000.0      0.37075099       1.0000000       0.0000000      0.50000000            Infinity        Infinity
   1000000.0      0.37075099       1.0000000       0.0000000      0.50000000            Infinity        Infinity
   1000000.0      0.37075099       1.0000000       0.0000000      0.86600000            Infinity        Infinity
   1000000.0      0.37075099       1.0000000       0.0000000      0.86600000            Infinity        Infinity
   1000000.0      0.37075099       1.0000000       0.0000000       1.0000000            Infinity        Infinity
   1000000.0      0.37075099       1.0000000       0.0000000       1.0000000            Infinity        Infinity
   1000000.0      0.37075099       1.0000000       0.0000000      0.86600000            Infinity        Infinity
   1000000.0      0.37075099       1.0000000       0.0000000      0.86600000            Infinity        Infinity
   1000000.0      0.37075099       1.0000000       0.0000000      0.50000000            Infinity        Infinity
   1000000.0      0.37075099       1.0000000       0.0000000      0.50000000            Infinity        Infinity
   1000000.0      0.37075099       1.0000000       0.0000000       0.0000000            Infinity        Infinity
   1000000.0      0.37075099       1.0000000       0.0000000       0.0000000            Infinity        Infinity
   100000.00      0.17704444       0.0000000       0.0000000       0.0000000       292394.09       3.3841908    
   100000.00      0.17704444       0.0000000       0.0000000       0.0000000       292394.09       3.3841908    
   100000.00      0.17704444       0.0000000       0.0000000      0.50000000       292394.09       3.3841908    
   100000.00      0.17704444       0.0000000       0.0000000      0.50000000       292394.09       3.3841908    
   100000.00      0.17704444       0.0000000       0.0000000      0.86600000       292394.09       3.3841908    
   100000.00      0.17704444       0.0000000       0.0000000      0.86600000       292394.09       3.3841908    
   100000.00      0.17704444       0.0000000       0.0000000       1.0000000       292394.09       3.3841908    
   100000.00      0.17704444       0.0000000       0.0000000       1.0000000       292394.09       3.3841908    
   100000.00      0.17704444       0.0000000       0.0000000      0.86600000       292394.09       3.3841908    
   100000.00      0.17704444       0.0000000       0.0000000      0.86600000       292394.09       3.3841908    
   100000.00      0.17704444       0.0000000       0.0000000      0.50000000       292394.09       3.3841908    
   100000.00      0.17704444       0.0000000       0.0000000      0.50000000       292394.09       3.3841908    
   100000.00      0.17704444       0.0000000       0.0000000       0.0000000       292394.09       3.3841908    
   100000.00      0.17704444       0.0000000       0.0000000       0.0000000       292394.09       3.3841908    
   10000.000      8.45438987E-02  -1.0000000       0.0000000       0.0000000       30355.428      0.35133597    
   10000.000      8.45438987E-02  -1.0000000       0.0000000       0.0000000       30355.428      0.35133597    
   10000.000      8.45438987E-02  -1.0000000       0.0000000      0.50000000       30355.428      0.35133597    
   10000.000      8.45438987E-02  -1.0000000       0.0000000      0.50000000       30355.428      0.35133597    
   10000.000      8.45438987E-02  -1.0000000       0.0000000      0.86600000       30355.428      0.35133597    
   10000.000      8.45438987E-02  -1.0000000       0.0000000      0.86600000       30355.428      0.35133597    
   10000.000      8.45438987E-02  -1.0000000       0.0000000       1.0000000       30355.428      0.35133597    
   10000.000      8.45438987E-02  -1.0000000       0.0000000       1.0000000       30355.428      0.35133597    
   10000.000      8.45438987E-02  -1.0000000       0.0000000      0.86600000       30355.428      0.35133597    
   10000.000      8.45438987E-02  -1.0000000       0.0000000      0.86600000       30355.428      0.35133597    
   10000.000      8.45438987E-02  -1.0000000       0.0000000      0.50000000       30355.428      0.35133597    
   10000.000      8.45438987E-02  -1.0000000       0.0000000      0.50000000       30355.428      0.35133597    
   10000.000      8.45438987E-02  -1.0000000       0.0000000       0.0000000       30355.428      0.35133597    
   10000.000      8.45438987E-02  -1.0000000       0.0000000       0.0000000       30355.428      0.35133597    
   1000.0000      4.03721854E-02  -2.0000000       0.0000000       0.0000000       10738.671      0.12429018    
   1000.0000      4.03721854E-02  -2.0000000       0.0000000       0.0000000       10738.671      0.12429018    
   1000.0000      4.03721854E-02  -2.0000000       0.0000000      0.50000000       10738.671      0.12429018    
   1000.0000      4.03721854E-02  -2.0000000       0.0000000      0.50000000       10738.671      0.12429018    
   1000.0000      4.03721854E-02  -2.0000000       0.0000000      0.86600000       10738.671      0.12429018    
   1000.0000      4.03721854E-02  -2.0000000       0.0000000      0.86600000       10738.671      0.12429018    
   1000.0000      4.03721854E-02  -2.0000000       0.0000000       1.0000000       10738.671      0.12429018    
   1000.0000      4.03721854E-02  -2.0000000       0.0000000       1.0000000       10738.671      0.12429018    
   1000.0000      4.03721854E-02  -2.0000000       0.0000000      0.86600000       10738.671      0.12429018    
   1000.0000      4.03721854E-02  -2.0000000       0.0000000      0.86600000       10738.671      0.12429018    
   1000.0000      4.03721854E-02  -2.0000000       0.0000000      0.50000000       10738.671      0.12429018    
   1000.0000      4.03721854E-02  -2.0000000       0.0000000      0.50000000       10738.671      0.12429018    
   1000.0000      4.03721854E-02  -2.0000000       0.0000000       0.0000000       10738.671      0.12429018    
   1000.0000      4.03721854E-02  -2.0000000       0.0000000       0.0000000       10738.671      0.12429018    
   100.00000      1.92789007E-02  -3.0000000       0.0000000       0.0000000       4327.9854      5.00924215E-02
   100.00000      1.92789007E-02  -3.0000000       0.0000000       0.0000000       4327.9854      5.00924215E-02
   100.00000      1.92789007E-02  -3.0000000       0.0000000      0.50000000       4327.9854      5.00924215E-02
   100.00000      1.92789007E-02  -3.0000000       0.0000000      0.50000000       4327.9854      5.00924215E-02
   100.00000      1.92789007E-02  -3.0000000       0.0000000      0.86600000       4327.9854      5.00924215E-02
   100.00000      1.92789007E-02  -3.0000000       0.0000000      0.86600000       4327.9854      5.00924215E-02
   100.00000      1.92789007E-02  -3.0000000       0.0000000       1.0000000       4327.9854      5.00924215E-02
   100.00000      1.92789007E-02  -3.0000000       0.0000000       1.0000000       4327.9854      5.00924215E-02
   100.00000      1.92789007E-02  -3.0000000       0.0000000      0.86600000       4327.9854      5.00924215E-02
   100.00000      1.92789007E-02  -3.0000000       0.0000000      0.86600000       4327.9854      5.00924215E-02
   100.00000      1.92789007E-02  -3.0000000       0.0000000      0.50000000       4327.9854      5.00924215E-02
   100.00000      1.92789007E-02  -3.0000000       0.0000000      0.50000000       4327.9854      5.00924215E-02
   100.00000      1.92789007E-02  -3.0000000       0.0000000       0.0000000       4327.9854      5.00924215E-02
   100.00000      1.92789007E-02  -3.0000000       0.0000000       0.0000000       4327.9854      5.00924215E-02
   10.000000      9.20623913E-03  -4.0000000       0.0000000       0.0000000       1459.5417      1.68928448E-02
   10.000000      9.20623913E-03  -4.0000000       0.0000000       0.0000000       1459.5417      1.68928448E-02
   10.000000      9.20623913E-03  -4.0000000       0.0000000      0.50000000       1459.5417      1.68928448E-02
   10.000000      9.20623913E-03  -4.0000000       0.0000000      0.50000000       1459.5417      1.68928448E-02
   10.000000      9.20623913E-03  -4.0000000       0.0000000      0.86600000       1459.5417      1.68928448E-02
   10.000000      9.20623913E-03  -4.0000000       0.0000000      0.86600000       1459.5417      1.68928448E-02
   10.000000      9.20623913E-03  -4.0000000       0.0000000       1.0000000       1459.5417      1.68928448E-02
   10.000000      9.20623913E-03  -4.0000000       0.0000000       1.0000000       1459.5417      1.68928448E-02
   10.000000      9.20623913E-03  -4.0000000       0.0000000      0.86600000       1459.5417      1.68928448E-02
   10.000000      9.20623913E-03  -4.0000000       0.0000000      0.86600000       1459.5417      1.68928448E-02
   10.000000      9.20623913E-03  -4.0000000       0.0000000      0.50000000       1459.5417      1.68928448E-02
   10.000000      9.20623913E-03  -4.0000000       0.0000000      0.50000000       1459.5417      1.68928448E-02
   10.000000      9.20623913E-03  -4.0000000       0.0000000       0.0000000       1459.5417      1.68928448E-02
   10.000000      9.20623913E-03  -4.0000000       0.0000000       0.0000000       1459.5417      1.68928448E-02
   1.0000000      4.39624861E-03  -5.0000000       0.0000000       0.0000000       664.53137      7.69133540E-03
   1.0000000      4.39624861E-03  -5.0000000       0.0000000       0.0000000       664.53137      7.69133540E-03
   1.0000000      4.39624861E-03  -5.0000000       0.0000000      0.50000000       664.53137      7.69133540E-03
   1.0000000      4.39624861E-03  -5.0000000       0.0000000      0.50000000       664.53137      7.69133540E-03
   1.0000000      4.39624861E-03  -5.0000000       0.0000000      0.86600000       664.53137      7.69133540E-03
   1.0000000      4.39624861E-03  -5.0000000       0.0000000      0.86600000       664.53137      7.69133540E-03
   1.0000000      4.39624861E-03  -5.0000000       0.0000000       1.0000000       664.53137      7.69133540E-03
   1.0000000      4.39624861E-03  -5.0000000       0.0000000       1.0000000       664.53137      7.69133540E-03
   1.0000000      4.39624861E-03  -5.0000000       0.0000000      0.86600000       664.53137      7.69133540E-03
   1.0000000      4.39624861E-03  -5.0000000       0.0000000      0.86600000       664.53137      7.69133540E-03
   1.0000000      4.39624861E-03  -5.0000000       0.0000000      0.50000000       664.53137      7.69133540E-03
   1.0000000      4.39624861E-03  -5.0000000       0.0000000      0.50000000       664.53137      7.69133540E-03
   1.0000000      4.39624861E-03  -5.0000000       0.0000000       0.0000000       664.53137      7.69133540E-03
   1.0000000      4.39624861E-03  -5.0000000       0.0000000       0.0000000       664.53137      7.69133540E-03
  0.10000000      2.09933729E-03  -5.0000000       0.0000000       0.0000000       664.53137      7.69133540E-03
  0.10000000      2.09933729E-03  -5.0000000       0.0000000       0.0000000       664.53137      7.69133540E-03
  0.10000000      2.09933729E-03  -5.0000000       0.0000000      0.50000000       664.53137      7.69133540E-03
  0.10000000      2.09933729E-03  -5.0000000       0.0000000      0.50000000       664.53137      7.69133540E-03
  0.10000000      2.09933729E-03  -5.0000000       0.0000000      0.86600000       664.53137      7.69133540E-03
  0.10000000      2.09933729E-03  -5.0000000       0.0000000      0.86600000       664.53137      7.69133540E-03
  0.10000000      2.09933729E-03  -5.0000000       0.0000000       1.0000000       664.53137      7.69133540E-03
  0.10000000      2.09933729E-03  -5.0000000       0.0000000       1.0000000       664.53137      7.69133540E-03
  0.10000000      2.09933729E-03  -5.0000000       0.0000000      0.86600000       664.53137      7.69133540E-03
  0.10000000      2.09933729E-03  -5.0000000       0.0000000      0.86600000       664.53137      7.69133540E-03
  0.10000000      2.09933729E-03  -5.0000000       0.0000000      0.50000000       664.53137      7.69133540E-03
  0.10000000      2.09933729E-03  -5.0000000       0.0000000      0.50000000       664.53137      7.69133540E-03
  0.10000000      2.09933729E-03  -5.0000000       0.0000000       0.0000000       664.53137      7.69133540E-03
  0.10000000      2.09933729E-03  -5.0000000       0.0000000       0.0000000       664.53137      7.69133540E-03
  9.99999978E-03  1.00249506E-03  -5.0000000       0.0000000       0.0000000       664.53137      7.69133540E-03
  9.99999978E-03  1.00249506E-03  -5.0000000       0.0000000       0.0000000       664.53137      7.69133540E-03
  9.99999978E-03  1.00249506E-03  -5.0000000       0.0000000      0.50000000       664.53137      7.69133540E-03
  9.99999978E-03  1.00249506E-03  -5.0000000       0.0000000      0.50000000       664.53137      7.69133540E-03
  9.99999978E-03  1.00249506E-03  -5.0000000       0.0000000      0.86600000       664.53137      7.69133540E-03
  9.99999978E-03  1.00249506E-03  -5.0000000       0.0000000      0.86600000       664.53137      7.69133540E-03
  9.99999978E-03  1.00249506E-03  -5.0000000       0.0000000       1.0000000       664.53137      7.69133540E-03
  9.99999978E-03  1.00249506E-03  -5.0000000       0.0000000       1.0000000       664.53137      7.69133540E-03
  9.99999978E-03  1.00249506E-03  -5.0000000       0.0000000      0.86600000       664.53137      7.69133540E-03
  9.99999978E-03  1.00249506E-03  -5.0000000       0.0000000      0.86600000       664.53137      7.69133540E-03
  9.99999978E-03  1.00249506E-03  -5.0000000       0.0000000      0.50000000       664.53137      7.69133540E-03
  9.99999978E-03  1.00249506E-03  -5.0000000       0.0000000      0.50000000       664.53137      7.69133540E-03
  9.99999978E-03  1.00249506E-03  -5.0000000       0.0000000       0.0000000       664.53137      7.69133540E-03
  9.99999978E-03  1.00249506E-03  -5.0000000       0.0000000       0.0000000       664.53137      7.69133540E-03
  1.00000005E-03  4.78720729E-04  -5.0000000       0.0000000       0.0000000       664.53137      7.69133540E-03
  1.00000005E-03  4.78720729E-04  -5.0000000       0.0000000       0.0000000       664.53137      7.69133540E-03
  1.00000005E-03  4.78720729E-04  -5.0000000       0.0000000      0.50000000       664.53137      7.69133540E-03
  1.00000005E-03  4.78720729E-04  -5.0000000       0.0000000      0.50000000       664.53137      7.69133540E-03
  1.00000005E-03  4.78720729E-04  -5.0000000       0.0000000      0.86600000       664.53137      7.69133540E-03
  1.00000005E-03  4.78720729E-04  -5.0000000       0.0000000      0.86600000       664.53137      7.69133540E-03
  1.00000005E-03  4.78720729E-04  -5.0000000       0.0000000       1.0000000       664.53137      7.69133540E-03
  1.00000005E-03  4.78720729E-04  -5.0000000       0.0000000       1.0000000       664.53137      7.69133540E-03
  1.00000005E-03  4.78720729E-04  -5.0000000       0.0000000      0.86600000       664.53137      7.69133540E-03
  1.00000005E-03  4.78720729E-04  -5.0000000       0.0000000      0.86600000       664.53137      7.69133540E-03
  1.00000005E-03  4.78720729E-04  -5.0000000       0.0000000      0.50000000       664.53137      7.69133540E-03
  1.00000005E-03  4.78720729E-04  -5.0000000       0.0000000      0.50000000       664.53137      7.69133540E-03
  1.00000005E-03  4.78720729E-04  -5.0000000       0.0000000       0.0000000       664.53137      7.69133540E-03
  1.00000005E-03  4.78720729E-04  -5.0000000       0.0000000       0.0000000       664.53137      7.69133540E-03
  9.99999975E-05  2.28603152E-04  -5.0000000       0.0000000       0.0000000       664.53137      7.69133540E-03
  9.99999975E-05  2.28603152E-04  -5.0000000       0.0000000       0.0000000       664.53137      7.69133540E-03
  9.99999975E-05  2.28603152E-04  -5.0000000       0.0000000      0.50000000       664.53137      7.69133540E-03
  9.99999975E-05  2.28603152E-04  -5.0000000       0.0000000      0.50000000       664.53137      7.69133540E-03
  9.99999975E-05  2.28603152E-04  -5.0000000       0.0000000      0.86600000       664.53137      7.69133540E-03
  9.99999975E-05  2.28603152E-04  -5.0000000       0.0000000      0.86600000       664.53137      7.69133540E-03
  9.99999975E-05  2.28603152E-04  -5.0000000       0.0000000       1.0000000       664.53137      7.69133540E-03
  9.99999975E-05  2.28603152E-04  -5.0000000       0.0000000       1.0000000       664.53137      7.69133540E-03
  9.99999975E-05  2.28603152E-04  -5.0000000       0.0000000      0.86600000       664.53137      7.69133540E-03
  9.99999975E-05  2.28603152E-04  -5.0000000       0.0000000      0.86600000       664.53137      7.69133540E-03
  9.99999975E-05  2.28603152E-04  -5.0000000       0.0000000      0.50000000       664.53137      7.69133540E-03
  9.99999975E-05  2.28603152E-04  -5.0000000       0.0000000      0.50000000       664.53137      7.69133540E-03
  9.99999975E-05  2.28603152E-04  -5.0000000       0.0000000       0.0000000       664.53137      7.69133540E-03
  9.99999975E-05  2.28603152E-04  -5.0000000       0.0000000       0.0000000       664.53137      7.69133540E-03
  9.99999975E-06  1.09164692E-04  -5.0000000       0.0000000       0.0000000       664.53137      7.69133540E-03
  9.99999975E-06  1.09164692E-04  -5.0000000       0.0000000       0.0000000       664.53137      7.69133540E-03
  9.99999975E-06  1.09164692E-04  -5.0000000       0.0000000      0.50000000       664.53137      7.69133540E-03
  9.99999975E-06  1.09164692E-04  -5.0000000       0.0000000      0.50000000       664.53137      7.69133540E-03
  9.99999975E-06  1.09164692E-04  -5.0000000       0.0000000      0.86600000       664.53137      7.69133540E-03
  9.99999975E-06  1.09164692E-04  -5.0000000       0.0000000      0.86600000       664.53137      7.69133540E-03
  9.99999975E-06  1.09164692E-04  -5.0000000       0.0000000       1.0000000       664.53137      7.69133540E-03
  9.99999975E-06  1.09164692E-04  -5.0000000       0.0000000       1.0000000       664.53137      7.69133540E-03
  9.99999975E-06  1.09164692E-04  -5.0000000       0.0000000      0.86600000       664.53137      7.69133540E-03
  9.99999975E-06  1.09164692E-04  -5.0000000       0.0000000      0.86600000       664.53137      7.69133540E-03
  9.99999975E-06  1.09164692E-04  -5.0000000       0.0000000      0.50000000       664.53137      7.69133540E-03
  9.99999975E-06  1.09164692E-04  -5.0000000       0.0000000      0.50000000       664.53137      7.69133540E-03
  9.99999975E-06  1.09164692E-04  -5.0000000       0.0000000       0.0000000       664.53137      7.69133540E-03
  9.99999975E-06  1.09164692E-04  -5.0000000       0.0000000       0.0000000       664.53137      7.69133540E-03
  9.99999997E-07  5.21293368E-05  -5.0000000       0.0000000       0.0000000       664.53137      7.69133540E-03
  9.99999997E-07  5.21293368E-05  -5.0000000       0.0000000       0.0000000       664.53137      7.69133540E-03
  9.99999997E-07  5.21293368E-05  -5.0000000       0.0000000      0.50000000       664.53137      7.69133540E-03
  9.99999997E-07  5.21293368E-05  -5.0000000       0.0000000      0.50000000       664.53137      7.69133540E-03
  9.99999997E-07  5.21293368E-05  -5.0000000       0.0000000      0.86600000       664.53137      7.69133540E-03
  9.99999997E-07  5.21293368E-05  -5.0000000       0.0000000      0.86600000       664.53137      7.69133540E-03
  9.99999997E-07  5.21293368E-05  -5.0000000       0.0000000       1.0000000       664.53137      7.69133540E-03
  9.99999997E-07  5.21293368E-05  -5.0000000       0.0000000       1.0000000       664.53137      7.69133540E-03
  9.99999997E-07  5.21293368E-05  -5.0000000       0.0000000      0.86600000       664.53137      7.69133540E-03
  9.99999997E-07  5.21293368E-05  -5.0000000       0.0000000      0.86600000       664.53137      7.69133540E-03
  9.99999997E-07  5.21293368E-05  -5.0000000       0.0000000      0.50000000       664.53137      7.69133540E-03
  9.99999997E-07  5.21293368E-05  -5.0000000       0.0000000      0.50000000       664.53137      7.69133540E-03
  9.99999997E-07  5.21293368E-05  -5.0000000       0.0000000       0.0000000       664.53137      7.69133540E-03
  9.99999997E-07  5.21293368E-05  -5.0000000       0.0000000       0.0000000       664.53137      7.69133540E-03
