           1   22000000.       2.3424227       0.0000000            Infinity
           2   14605016.       2.1645019       0.0000000            Infinity
           3   9695751.0       1.9865814       0.0000000            Infinity
           4   6436663.0       1.8086607       0.0000000            Infinity
           5   4273071.5       1.6307402       0.0000000            Infinity
           6   2836739.8       1.4528195       0.0000000            Infinity
           7   1883210.8       1.2748989       0.0000000            Infinity
           8   1250196.6       1.0969783       0.0000000            Infinity
           9   829960.94      0.91905767      2.91567979E-08   396.95972    
          10   550981.44      0.74113697      9.82730697E-08   117.77463    
          11   365776.94      0.56321633      2.83204599E-07   40.868240    
          12   242826.23      0.38529560      7.08861080E-07   16.327703    
          13   161203.75      0.20737515      1.56421993E-06   7.3992629    
          14   107017.47      2.94546764E-02  3.08637073E-06   3.7500596    
          15   71045.078     -0.14846601      5.51833364E-06   2.0973856    
          16   47164.293     -0.32638666      9.05379147E-06   1.2783676    
          17   31310.689     -0.50430739      1.37919606E-05  0.83918989    
          18   20786.039     -0.68222827      1.97225199E-05  0.58684564    
          19   13799.116     -0.86014873      2.67463311E-05  0.43273500    
          20   9160.7363      -1.0380696      3.47229434E-05  0.33332643    
          21   6081.4883      -1.2159901      4.35268485E-05  0.26590654    
          22   4037.2834      -1.3939108      5.30989855E-05  0.21797167    
          23   2680.2083      -1.5718315      6.34830940E-05  0.18231742    
          24   1779.2946      -1.7497522      7.48489256E-05  0.15463246    
          25   1181.2113      -1.9276724      8.75063342E-05  0.13226555    
          26   784.16406      -2.1055930      1.01917292E-04  0.11356340    
          27   520.57898      -2.2835133      1.18712320E-04  9.74968225E-02
          28   345.59351      -2.4614344      1.38716074E-04  8.34371522E-02
          29   229.42740      -2.6393547      1.62982164E-04  7.10143596E-02
          30   152.30867      -2.8172753      1.92838575E-04  6.00194968E-02
          31   101.11229      -2.9951961      2.29934536E-04  5.03363870E-02
          32   67.124779      -3.1731172      2.76276376E-04  4.18931022E-02
