   1.0742188       100000.00    
   1.0742188       100000.00    
   1.0742188       100000.00    
   1.0742188       100000.00    
   1.0742188       100000.00    
   1.0742188       100000.00    
   1.0742188       100000.00    
   1.0742188       100000.00    
   1.0742188       100000.00    
   1.0742188       100000.00    
   1.0742188       100000.00    
   1.0742188       100000.00    
   1.0742188       100000.00    
   1.0742188       100000.00    
   1.0742188       100000.00    
   1.0742188       100000.00    
 -0.64550781       100000.00    
  -1.4921875       100000.00    
  -1.7539063       100000.00    
  -1.4921875       100000.00    
 -0.64550781       100000.00    
   1.0742188       100000.00    
   1.0742188       100000.00    
   1.0742188       100000.00    
   1.0742188       100000.00    
   1.0742188       100000.00    
   1.0742188       100000.00    
   1.0742188       100000.00    
  -1.4921875       100000.00    
  -2.5986328       100000.00    
  -2.9355469       100000.00    
  -2.5986328       100000.00    
  -1.4921875       100000.00    
   1.0742188       100000.00    
   1.0742188       100000.00    
   1.0742188       100000.00    
   1.0742188       100000.00    
   1.0742188       100000.00    
   1.0742188       100000.00    
   1.0742188       100000.00    
  -1.7539063       100000.00    
  -2.9355469       100000.00    
  -3.2900391       100000.00    
  -2.9355469       100000.00    
  -1.7539063       100000.00    
   1.0742188       100000.00    
   1.0742188       100000.00    
   1.0742188       100000.00    
   1.0742188       100000.00    
   1.0742188       100000.00    
   1.0742188       100000.00    
   1.0742188       100000.00    
  -1.4921875       100000.00    
  -2.5986328       100000.00    
  -2.9355469       100000.00    
  -2.5986328       100000.00    
  -1.4921875       100000.00    
   1.0742188       100000.00    
   1.0742188       100000.00    
   1.0742188       100000.00    
   1.0742188       100000.00    
   1.0742188       100000.00    
   1.0742188       100000.00    
   1.0742188       100000.00    
 -0.64550781       100000.00    
  -1.4921875       100000.00    
  -1.7539063       100000.00    
  -1.4921875       100000.00    
 -0.64550781       100000.00    
   1.0742188       100000.00    
   1.0742188       100000.00    
   1.0742188       100000.00    
   1.0742188       100000.00    
   1.0742188       100000.00    
   1.0742188       100000.00    
   1.0742188       100000.00    
   1.0742188       100000.00    
   1.0742188       100000.00    
   1.0742188       100000.00    
   1.0742188       100000.00    
   1.0742188       100000.00    
   1.0742188       100000.00    
   1.0742188       100000.00    
   1.0742188       100000.00    
   71.919922       10000.000    
   71.919922       10000.000    
   71.919922       10000.000    
   71.919922       10000.000    
   71.919922       10000.000    
   71.919922       10000.000    
   71.919922       10000.000    
   71.919922       10000.000    
   71.919922       10000.000    
   71.919922       10000.000    
   71.919922       10000.000    
   71.919922       10000.000    
   71.919922       10000.000    
   71.919922       10000.000    
   71.919922       10000.000    
   71.919922       10000.000    
   17.601563       10000.000    
  -2.4355469       10000.000    
  -8.3671875       10000.000    
  -2.4355469       10000.000    
   17.601563       10000.000    
   71.919922       10000.000    
   71.919922       10000.000    
   71.919922       10000.000    
   71.919922       10000.000    
   71.919922       10000.000    
   71.919922       10000.000    
   71.919922       10000.000    
  -2.4355469       10000.000    
  -26.662109       10000.000    
  -33.732422       10000.000    
  -26.662109       10000.000    
  -2.4355469       10000.000    
   71.919922       10000.000    
   71.919922       10000.000    
   71.919922       10000.000    
   71.919922       10000.000    
   71.919922       10000.000    
   71.919922       10000.000    
   71.919922       10000.000    
  -8.3671875       10000.000    
  -33.732422       10000.000    
  -41.119141       10000.000    
  -33.732422       10000.000    
  -8.3671875       10000.000    
   71.919922       10000.000    
   71.919922       10000.000    
   71.919922       10000.000    
   71.919922       10000.000    
   71.919922       10000.000    
   71.919922       10000.000    
   71.919922       10000.000    
  -2.4355469       10000.000    
  -26.662109       10000.000    
  -33.732422       10000.000    
  -26.662109       10000.000    
  -2.4355469       10000.000    
   71.919922       10000.000    
   71.919922       10000.000    
   71.919922       10000.000    
   71.919922       10000.000    
   71.919922       10000.000    
   71.919922       10000.000    
   71.919922       10000.000    
   17.601563       10000.000    
  -2.4355469       10000.000    
  -8.3671875       10000.000    
  -2.4355469       10000.000    
   17.601563       10000.000    
   71.919922       10000.000    
   71.919922       10000.000    
   71.919922       10000.000    
   71.919922       10000.000    
   71.919922       10000.000    
   71.919922       10000.000    
   71.919922       10000.000    
   71.919922       10000.000    
   71.919922       10000.000    
   71.919922       10000.000    
   71.919922       10000.000    
   71.919922       10000.000    
   71.919922       10000.000    
   71.919922       10000.000    
   71.919922       10000.000    
   657.26953       1000.0000    
   657.26953       1000.0000    
   657.26953       1000.0000    
   657.26953       1000.0000    
   657.26953       1000.0000    
   657.26953       1000.0000    
   657.26953       1000.0000    
   657.26953       1000.0000    
   657.26953       1000.0000    
   657.26953       1000.0000    
   657.26953       1000.0000    
   657.26953       1000.0000    
   657.26953       1000.0000    
   657.26953       1000.0000    
   657.26953       1000.0000    
   657.26953       1000.0000    
   284.53125       1000.0000    
   176.21484       1000.0000    
   144.88672       1000.0000    
   176.21484       1000.0000    
   284.53125       1000.0000    
   657.26953       1000.0000    
   657.26953       1000.0000    
   657.26953       1000.0000    
   657.26953       1000.0000    
   657.26953       1000.0000    
   657.26953       1000.0000    
   657.26953       1000.0000    
   176.21484       1000.0000    
   49.542969       1000.0000    
   13.093750       1000.0000    
   49.542969       1000.0000    
   176.21484       1000.0000    
   657.26953       1000.0000    
   657.26953       1000.0000    
   657.26953       1000.0000    
   657.26953       1000.0000    
   657.26953       1000.0000    
   657.26953       1000.0000    
   657.26953       1000.0000    
   144.88672       1000.0000    
   13.093750       1000.0000    
  -24.789063       1000.0000    
   13.093750       1000.0000    
   144.88672       1000.0000    
   657.26953       1000.0000    
   657.26953       1000.0000    
   657.26953       1000.0000    
   657.26953       1000.0000    
   657.26953       1000.0000    
   657.26953       1000.0000    
   657.26953       1000.0000    
   176.21484       1000.0000    
   49.542969       1000.0000    
   13.093750       1000.0000    
   49.542969       1000.0000    
   176.21484       1000.0000    
   657.26953       1000.0000    
   657.26953       1000.0000    
   657.26953       1000.0000    
   657.26953       1000.0000    
   657.26953       1000.0000    
   657.26953       1000.0000    
   657.26953       1000.0000    
   284.53125       1000.0000    
   176.21484       1000.0000    
   144.88672       1000.0000    
   176.21484       1000.0000    
   284.53125       1000.0000    
   657.26953       1000.0000    
   657.26953       1000.0000    
   657.26953       1000.0000    
   657.26953       1000.0000    
   657.26953       1000.0000    
   657.26953       1000.0000    
   657.26953       1000.0000    
   657.26953       1000.0000    
   657.26953       1000.0000    
   657.26953       1000.0000    
   657.26953       1000.0000    
   657.26953       1000.0000    
   657.26953       1000.0000    
   657.26953       1000.0000    
   657.26953       1000.0000    
   3836.4922       100.00000    
   3836.4922       100.00000    
   3836.4922       100.00000    
   3836.4922       100.00000    
   3836.4922       100.00000    
   3836.4922       100.00000    
   3836.4922       100.00000    
   3836.4922       100.00000    
   3836.4922       100.00000    
   3836.4922       100.00000    
   3836.4922       100.00000    
   3836.4922       100.00000    
   3836.4922       100.00000    
   3836.4922       100.00000    
   3836.4922       100.00000    
   3836.4922       100.00000    
   1834.9688       100.00000    
   1314.5000       100.00000    
   1164.7969       100.00000    
   1314.5000       100.00000    
   1834.9688       100.00000    
   3836.4922       100.00000    
   3836.4922       100.00000    
   3836.4922       100.00000    
   3836.4922       100.00000    
   3836.4922       100.00000    
   3836.4922       100.00000    
   3836.4922       100.00000    
   1314.5000       100.00000    
   710.77344       100.00000    
   537.60938       100.00000    
   710.77344       100.00000    
   1314.5000       100.00000    
   3836.4922       100.00000    
   3836.4922       100.00000    
   3836.4922       100.00000    
   3836.4922       100.00000    
   3836.4922       100.00000    
   3836.4922       100.00000    
   3836.4922       100.00000    
   1164.7969       100.00000    
   537.60938       100.00000    
   357.83594       100.00000    
   537.60938       100.00000    
   1164.7969       100.00000    
   3836.4922       100.00000    
   3836.4922       100.00000    
   3836.4922       100.00000    
   3836.4922       100.00000    
   3836.4922       100.00000    
   3836.4922       100.00000    
   3836.4922       100.00000    
   1314.5000       100.00000    
   710.77344       100.00000    
   537.60938       100.00000    
   710.77344       100.00000    
   1314.5000       100.00000    
   3836.4922       100.00000    
   3836.4922       100.00000    
   3836.4922       100.00000    
   3836.4922       100.00000    
   3836.4922       100.00000    
   3836.4922       100.00000    
   3836.4922       100.00000    
   1834.9688       100.00000    
   1314.5000       100.00000    
   1164.7969       100.00000    
   1314.5000       100.00000    
   1834.9688       100.00000    
   3836.4922       100.00000    
   3836.4922       100.00000    
   3836.4922       100.00000    
   3836.4922       100.00000    
   3836.4922       100.00000    
   3836.4922       100.00000    
   3836.4922       100.00000    
   3836.4922       100.00000    
   3836.4922       100.00000    
   3836.4922       100.00000    
   3836.4922       100.00000    
   3836.4922       100.00000    
   3836.4922       100.00000    
   3836.4922       100.00000    
   3836.4922       100.00000    
   25190.984       10.000000    
   25190.984       10.000000    
   25190.984       10.000000    
   25190.984       10.000000    
   25190.984       10.000000    
   25190.984       10.000000    
   25190.984       10.000000    
   25190.984       10.000000    
   25190.984       10.000000    
   25190.984       10.000000    
   25190.984       10.000000    
   25190.984       10.000000    
   25190.984       10.000000    
   25190.984       10.000000    
   25190.984       10.000000    
   25190.984       10.000000    
   12647.125       10.000000    
   9718.7656       10.000000    
   8878.9844       10.000000    
   9718.7656       10.000000    
   12647.125       10.000000    
   25190.984       10.000000    
   25190.984       10.000000    
   25190.984       10.000000    
   25190.984       10.000000    
   25190.984       10.000000    
   25190.984       10.000000    
   25190.984       10.000000    
   9718.7656       10.000000    
   6335.5938       10.000000    
   5366.6250       10.000000    
   6335.5938       10.000000    
   9718.7656       10.000000    
   25190.984       10.000000    
   25190.984       10.000000    
   25190.984       10.000000    
   25190.984       10.000000    
   25190.984       10.000000    
   25190.984       10.000000    
   25190.984       10.000000    
   8878.9844       10.000000    
   5366.6250       10.000000    
   4360.8594       10.000000    
   5366.6250       10.000000    
   8878.9844       10.000000    
   25190.984       10.000000    
   25190.984       10.000000    
   25190.984       10.000000    
   25190.984       10.000000    
   25190.984       10.000000    
   25190.984       10.000000    
   25190.984       10.000000    
   9718.7656       10.000000    
   6335.5938       10.000000    
   5366.6250       10.000000    
   6335.5938       10.000000    
   9718.7656       10.000000    
   25190.984       10.000000    
   25190.984       10.000000    
   25190.984       10.000000    
   25190.984       10.000000    
   25190.984       10.000000    
   25190.984       10.000000    
   25190.984       10.000000    
   12647.125       10.000000    
   9718.7656       10.000000    
   8878.9844       10.000000    
   9718.7656       10.000000    
   12647.125       10.000000    
   25190.984       10.000000    
   25190.984       10.000000    
   25190.984       10.000000    
   25190.984       10.000000    
   25190.984       10.000000    
   25190.984       10.000000    
   25190.984       10.000000    
   25190.984       10.000000    
   25190.984       10.000000    
   25190.984       10.000000    
   25190.984       10.000000    
   25190.984       10.000000    
   25190.984       10.000000    
   25190.984       10.000000    
   25190.984       10.000000    
   116661.17       1.0000000    
   116661.17       1.0000000    
   116661.17       1.0000000    
   116661.17       1.0000000    
   116661.17       1.0000000    
   116661.17       1.0000000    
   116661.17       1.0000000    
   116661.17       1.0000000    
   116661.17       1.0000000    
   116661.17       1.0000000    
   116661.17       1.0000000    
   116661.17       1.0000000    
   116661.17       1.0000000    
   116661.17       1.0000000    
   116661.17       1.0000000    
   116661.17       1.0000000    
   61171.000       1.0000000    
   49517.844       1.0000000    
   46178.719       1.0000000    
   49517.844       1.0000000    
   61171.000       1.0000000    
   116661.17       1.0000000    
   116661.17       1.0000000    
   116661.17       1.0000000    
   116661.17       1.0000000    
   116661.17       1.0000000    
   116661.17       1.0000000    
   116661.17       1.0000000    
   49517.844       1.0000000    
   36067.031       1.0000000    
   32214.156       1.0000000    
   36067.031       1.0000000    
   49517.844       1.0000000    
   116661.17       1.0000000    
   116661.17       1.0000000    
   116661.17       1.0000000    
   116661.17       1.0000000    
   116661.17       1.0000000    
   116661.17       1.0000000    
   116661.17       1.0000000    
   46178.719       1.0000000    
   32214.156       1.0000000    
   28214.250       1.0000000    
   32214.156       1.0000000    
   46178.719       1.0000000    
   116661.17       1.0000000    
   116661.17       1.0000000    
   116661.17       1.0000000    
   116661.17       1.0000000    
   116661.17       1.0000000    
   116661.17       1.0000000    
   116661.17       1.0000000    
   49517.844       1.0000000    
   36067.031       1.0000000    
   32214.156       1.0000000    
   36067.031       1.0000000    
   49517.844       1.0000000    
   116661.17       1.0000000    
   116661.17       1.0000000    
   116661.17       1.0000000    
   116661.17       1.0000000    
   116661.17       1.0000000    
   116661.17       1.0000000    
   116661.17       1.0000000    
   61171.000       1.0000000    
   49517.844       1.0000000    
   46178.719       1.0000000    
   49517.844       1.0000000    
   61171.000       1.0000000    
   116661.17       1.0000000    
   116661.17       1.0000000    
   116661.17       1.0000000    
   116661.17       1.0000000    
   116661.17       1.0000000    
   116661.17       1.0000000    
   116661.17       1.0000000    
   116661.17       1.0000000    
   116661.17       1.0000000    
   116661.17       1.0000000    
   116661.17       1.0000000    
   116661.17       1.0000000    
   116661.17       1.0000000    
   116661.17       1.0000000    
   116661.17       1.0000000    
   263875.47      0.10000000    
   263875.47      0.10000000    
   263875.47      0.10000000    
   263875.47      0.10000000    
   263875.47      0.10000000    
   263875.47      0.10000000    
   263875.47      0.10000000    
   263875.47      0.10000000    
   263875.47      0.10000000    
   263875.47      0.10000000    
   263875.47      0.10000000    
   263875.47      0.10000000    
   263875.47      0.10000000    
   263875.47      0.10000000    
   263875.47      0.10000000    
   263875.47      0.10000000    
   142391.38      0.10000000    
   120031.69      0.10000000    
   113632.19      0.10000000    
   120031.69      0.10000000    
   142391.38      0.10000000    
   263875.47      0.10000000    
   263875.47      0.10000000    
   263875.47      0.10000000    
   263875.47      0.10000000    
   263875.47      0.10000000    
   263875.47      0.10000000    
   263875.47      0.10000000    
   120031.69      0.10000000    
   94266.438      0.10000000    
   86891.375      0.10000000    
   94266.438      0.10000000    
   120031.69      0.10000000    
   263875.47      0.10000000    
   263875.47      0.10000000    
   263875.47      0.10000000    
   263875.47      0.10000000    
   263875.47      0.10000000    
   263875.47      0.10000000    
   263875.47      0.10000000    
   113632.19      0.10000000    
   86891.375      0.10000000    
   79236.813      0.10000000    
   86891.375      0.10000000    
   113632.19      0.10000000    
   263875.47      0.10000000    
   263875.47      0.10000000    
   263875.47      0.10000000    
   263875.47      0.10000000    
   263875.47      0.10000000    
   263875.47      0.10000000    
   263875.47      0.10000000    
   120031.69      0.10000000    
   94266.438      0.10000000    
   86891.375      0.10000000    
   94266.438      0.10000000    
   120031.69      0.10000000    
   263875.47      0.10000000    
   263875.47      0.10000000    
   263875.47      0.10000000    
   263875.47      0.10000000    
   263875.47      0.10000000    
   263875.47      0.10000000    
   263875.47      0.10000000    
   142391.38      0.10000000    
   120031.69      0.10000000    
   113632.19      0.10000000    
   120031.69      0.10000000    
   142391.38      0.10000000    
   263875.47      0.10000000    
   263875.47      0.10000000    
   263875.47      0.10000000    
   263875.47      0.10000000    
   263875.47      0.10000000    
   263875.47      0.10000000    
   263875.47      0.10000000    
   263875.47      0.10000000    
   263875.47      0.10000000    
   263875.47      0.10000000    
   263875.47      0.10000000    
   263875.47      0.10000000    
   263875.47      0.10000000    
   263875.47      0.10000000    
   263875.47      0.10000000    
   552584.81      9.99999978E-03
   552584.81      9.99999978E-03
   552584.81      9.99999978E-03
   552584.81      9.99999978E-03
   552584.81      9.99999978E-03
   552584.81      9.99999978E-03
   552584.81      9.99999978E-03
   552584.81      9.99999978E-03
   552584.81      9.99999978E-03
   552584.81      9.99999978E-03
   552584.81      9.99999978E-03
   552584.81      9.99999978E-03
   552584.81      9.99999978E-03
   552584.81      9.99999978E-03
   552584.81      9.99999978E-03
   552584.81      9.99999978E-03
   298183.25      9.99999978E-03
   251359.75      9.99999978E-03
   237958.50      9.99999978E-03
   251359.75      9.99999978E-03
   298183.25      9.99999978E-03
   552584.81      9.99999978E-03
   552584.81      9.99999978E-03
   552584.81      9.99999978E-03
   552584.81      9.99999978E-03
   552584.81      9.99999978E-03
   552584.81      9.99999978E-03
   552584.81      9.99999978E-03
   251359.75      9.99999978E-03
   197404.38      9.99999978E-03
   181960.13      9.99999978E-03
   197404.38      9.99999978E-03
   251359.75      9.99999978E-03
   552584.81      9.99999978E-03
   552584.81      9.99999978E-03
   552584.81      9.99999978E-03
   552584.81      9.99999978E-03
   552584.81      9.99999978E-03
   552584.81      9.99999978E-03
   552584.81      9.99999978E-03
   237958.50      9.99999978E-03
   181960.13      9.99999978E-03
   165931.00      9.99999978E-03
   181960.13      9.99999978E-03
   237958.50      9.99999978E-03
   552584.81      9.99999978E-03
   552584.81      9.99999978E-03
   552584.81      9.99999978E-03
   552584.81      9.99999978E-03
   552584.81      9.99999978E-03
   552584.81      9.99999978E-03
   552584.81      9.99999978E-03
   251359.75      9.99999978E-03
   197404.38      9.99999978E-03
   181960.13      9.99999978E-03
   197404.38      9.99999978E-03
   251359.75      9.99999978E-03
   552584.81      9.99999978E-03
   552584.81      9.99999978E-03
   552584.81      9.99999978E-03
   552584.81      9.99999978E-03
   552584.81      9.99999978E-03
   552584.81      9.99999978E-03
   552584.81      9.99999978E-03
   298183.25      9.99999978E-03
   251359.75      9.99999978E-03
   237958.50      9.99999978E-03
   251359.75      9.99999978E-03
   298183.25      9.99999978E-03
   552584.81      9.99999978E-03
   552584.81      9.99999978E-03
   552584.81      9.99999978E-03
   552584.81      9.99999978E-03
   552584.81      9.99999978E-03
   552584.81      9.99999978E-03
   552584.81      9.99999978E-03
   552584.81      9.99999978E-03
   552584.81      9.99999978E-03
   552584.81      9.99999978E-03
   552584.81      9.99999978E-03
   552584.81      9.99999978E-03
   552584.81      9.99999978E-03
   552584.81      9.99999978E-03
   552584.81      9.99999978E-03
   1157175.0      1.00000005E-03
   1157175.0      1.00000005E-03
   1157175.0      1.00000005E-03
   1157175.0      1.00000005E-03
   1157175.0      1.00000005E-03
   1157175.0      1.00000005E-03
   1157175.0      1.00000005E-03
   1157175.0      1.00000005E-03
   1157175.0      1.00000005E-03
   1157175.0      1.00000005E-03
   1157175.0      1.00000005E-03
   1157175.0      1.00000005E-03
   1157175.0      1.00000005E-03
   1157175.0      1.00000005E-03
   1157175.0      1.00000005E-03
   1157175.0      1.00000005E-03
   624429.75      1.00000005E-03
   526375.75      1.00000005E-03
   498312.00      1.00000005E-03
   526375.75      1.00000005E-03
   624429.75      1.00000005E-03
   1157175.0      1.00000005E-03
   1157175.0      1.00000005E-03
   1157175.0      1.00000005E-03
   1157175.0      1.00000005E-03
   1157175.0      1.00000005E-03
   1157175.0      1.00000005E-03
   1157175.0      1.00000005E-03
   526375.75      1.00000005E-03
   413387.00      1.00000005E-03
   381045.25      1.00000005E-03
   413387.00      1.00000005E-03
   526375.75      1.00000005E-03
   1157175.0      1.00000005E-03
   1157175.0      1.00000005E-03
   1157175.0      1.00000005E-03
   1157175.0      1.00000005E-03
   1157175.0      1.00000005E-03
   1157175.0      1.00000005E-03
   1157175.0      1.00000005E-03
   498312.00      1.00000005E-03
   381045.25      1.00000005E-03
   347478.00      1.00000005E-03
   381045.25      1.00000005E-03
   498312.00      1.00000005E-03
   1157175.0      1.00000005E-03
   1157175.0      1.00000005E-03
   1157175.0      1.00000005E-03
   1157175.0      1.00000005E-03
   1157175.0      1.00000005E-03
   1157175.0      1.00000005E-03
   1157175.0      1.00000005E-03
   526375.75      1.00000005E-03
   413387.00      1.00000005E-03
   381045.25      1.00000005E-03
   413387.00      1.00000005E-03
   526375.75      1.00000005E-03
   1157175.0      1.00000005E-03
   1157175.0      1.00000005E-03
   1157175.0      1.00000005E-03
   1157175.0      1.00000005E-03
   1157175.0      1.00000005E-03
   1157175.0      1.00000005E-03
   1157175.0      1.00000005E-03
   624429.75      1.00000005E-03
   526375.75      1.00000005E-03
   498312.00      1.00000005E-03
   526375.75      1.00000005E-03
   624429.75      1.00000005E-03
   1157175.0      1.00000005E-03
   1157175.0      1.00000005E-03
   1157175.0      1.00000005E-03
   1157175.0      1.00000005E-03
   1157175.0      1.00000005E-03
   1157175.0      1.00000005E-03
   1157175.0      1.00000005E-03
   1157175.0      1.00000005E-03
   1157175.0      1.00000005E-03
   1157175.0      1.00000005E-03
   1157175.0      1.00000005E-03
   1157175.0      1.00000005E-03
   1157175.0      1.00000005E-03
   1157175.0      1.00000005E-03
   1157175.0      1.00000005E-03
   2423255.5      9.99999975E-05
   2423255.5      9.99999975E-05
   2423255.5      9.99999975E-05
   2423255.5      9.99999975E-05
   2423255.5      9.99999975E-05
   2423255.5      9.99999975E-05
   2423255.5      9.99999975E-05
   2423255.5      9.99999975E-05
   2423255.5      9.99999975E-05
   2423255.5      9.99999975E-05
   2423255.5      9.99999975E-05
   2423255.5      9.99999975E-05
   2423255.5      9.99999975E-05
   2423255.5      9.99999975E-05
   2423255.5      9.99999975E-05
   2423255.5      9.99999975E-05
   1307626.5      9.99999975E-05
   1102290.0      9.99999975E-05
   1043522.5      9.99999975E-05
   1102290.0      9.99999975E-05
   1307626.5      9.99999975E-05
   2423255.5      9.99999975E-05
   2423255.5      9.99999975E-05
   2423255.5      9.99999975E-05
   2423255.5      9.99999975E-05
   2423255.5      9.99999975E-05
   2423255.5      9.99999975E-05
   2423255.5      9.99999975E-05
   1102290.0      9.99999975E-05
   865679.50      9.99999975E-05
   797953.00      9.99999975E-05
   865679.50      9.99999975E-05
   1102290.0      9.99999975E-05
   2423255.5      9.99999975E-05
   2423255.5      9.99999975E-05
   2423255.5      9.99999975E-05
   2423255.5      9.99999975E-05
   2423255.5      9.99999975E-05
   2423255.5      9.99999975E-05
   2423255.5      9.99999975E-05
   1043522.5      9.99999975E-05
   797953.00      9.99999975E-05
   727658.50      9.99999975E-05
   797953.00      9.99999975E-05
   1043522.5      9.99999975E-05
   2423255.5      9.99999975E-05
   2423255.5      9.99999975E-05
   2423255.5      9.99999975E-05
   2423255.5      9.99999975E-05
   2423255.5      9.99999975E-05
   2423255.5      9.99999975E-05
   2423255.5      9.99999975E-05
   1102290.0      9.99999975E-05
   865679.50      9.99999975E-05
   797953.00      9.99999975E-05
   865679.50      9.99999975E-05
   1102290.0      9.99999975E-05
   2423255.5      9.99999975E-05
   2423255.5      9.99999975E-05
   2423255.5      9.99999975E-05
   2423255.5      9.99999975E-05
   2423255.5      9.99999975E-05
   2423255.5      9.99999975E-05
   2423255.5      9.99999975E-05
   1307626.5      9.99999975E-05
   1102290.0      9.99999975E-05
   1043522.5      9.99999975E-05
   1102290.0      9.99999975E-05
   1307626.5      9.99999975E-05
   2423255.5      9.99999975E-05
   2423255.5      9.99999975E-05
   2423255.5      9.99999975E-05
   2423255.5      9.99999975E-05
   2423255.5      9.99999975E-05
   2423255.5      9.99999975E-05
   2423255.5      9.99999975E-05
   2423255.5      9.99999975E-05
   2423255.5      9.99999975E-05
   2423255.5      9.99999975E-05
   2423255.5      9.99999975E-05
   2423255.5      9.99999975E-05
   2423255.5      9.99999975E-05
   2423255.5      9.99999975E-05
   2423255.5      9.99999975E-05
   5074570.0      9.99999975E-06
   5074570.0      9.99999975E-06
   5074570.0      9.99999975E-06
   5074570.0      9.99999975E-06
   5074570.0      9.99999975E-06
   5074570.0      9.99999975E-06
   5074570.0      9.99999975E-06
   5074570.0      9.99999975E-06
   5074570.0      9.99999975E-06
   5074570.0      9.99999975E-06
   5074570.0      9.99999975E-06
   5074570.0      9.99999975E-06
   5074570.0      9.99999975E-06
   5074570.0      9.99999975E-06
   5074570.0      9.99999975E-06
   5074570.0      9.99999975E-06
   2738317.0      9.99999975E-06
   2308320.0      9.99999975E-06
   2185252.0      9.99999975E-06
   2308320.0      9.99999975E-06
   2738317.0      9.99999975E-06
   5074570.0      9.99999975E-06
   5074570.0      9.99999975E-06
   5074570.0      9.99999975E-06
   5074570.0      9.99999975E-06
   5074570.0      9.99999975E-06
   5074570.0      9.99999975E-06
   5074570.0      9.99999975E-06
   2308320.0      9.99999975E-06
   1812829.0      9.99999975E-06
   1671001.0      9.99999975E-06
   1812829.0      9.99999975E-06
   2308320.0      9.99999975E-06
   5074570.0      9.99999975E-06
   5074570.0      9.99999975E-06
   5074570.0      9.99999975E-06
   5074570.0      9.99999975E-06
   5074570.0      9.99999975E-06
   5074570.0      9.99999975E-06
   5074570.0      9.99999975E-06
   2185252.0      9.99999975E-06
   1671001.0      9.99999975E-06
   1523799.0      9.99999975E-06
   1671001.0      9.99999975E-06
   2185252.0      9.99999975E-06
   5074570.0      9.99999975E-06
   5074570.0      9.99999975E-06
   5074570.0      9.99999975E-06
   5074570.0      9.99999975E-06
   5074570.0      9.99999975E-06
   5074570.0      9.99999975E-06
   5074570.0      9.99999975E-06
   2308320.0      9.99999975E-06
   1812829.0      9.99999975E-06
   1671001.0      9.99999975E-06
   1812829.0      9.99999975E-06
   2308320.0      9.99999975E-06
   5074570.0      9.99999975E-06
   5074570.0      9.99999975E-06
   5074570.0      9.99999975E-06
   5074570.0      9.99999975E-06
   5074570.0      9.99999975E-06
   5074570.0      9.99999975E-06
   5074570.0      9.99999975E-06
   2738317.0      9.99999975E-06
   2308320.0      9.99999975E-06
   2185252.0      9.99999975E-06
   2308320.0      9.99999975E-06
   2738317.0      9.99999975E-06
   5074570.0      9.99999975E-06
   5074570.0      9.99999975E-06
   5074570.0      9.99999975E-06
   5074570.0      9.99999975E-06
   5074570.0      9.99999975E-06
   5074570.0      9.99999975E-06
   5074570.0      9.99999975E-06
   5074570.0      9.99999975E-06
   5074570.0      9.99999975E-06
   5074570.0      9.99999975E-06
   5074570.0      9.99999975E-06
   5074570.0      9.99999975E-06
   5074570.0      9.99999975E-06
   5074570.0      9.99999975E-06
   5074570.0      9.99999975E-06
   10626720.      9.99999997E-07
   10626720.      9.99999997E-07
   10626720.      9.99999997E-07
   10626720.      9.99999997E-07
   10626720.      9.99999997E-07
   10626720.      9.99999997E-07
   10626720.      9.99999997E-07
   10626720.      9.99999997E-07
   10626720.      9.99999997E-07
   10626720.      9.99999997E-07
   10626720.      9.99999997E-07
   10626720.      9.99999997E-07
   10626720.      9.99999997E-07
   10626720.      9.99999997E-07
   10626720.      9.99999997E-07
   10626720.      9.99999997E-07
   5734342.0      9.99999997E-07
   4833882.0      9.99999997E-07
   4576166.0      9.99999997E-07
   4833882.0      9.99999997E-07
   5734342.0      9.99999997E-07
   10626720.      9.99999997E-07
   10626720.      9.99999997E-07
   10626720.      9.99999997E-07
   10626720.      9.99999997E-07
   10626720.      9.99999997E-07
   10626720.      9.99999997E-07
   10626720.      9.99999997E-07
   4833882.0      9.99999997E-07
   3796268.0      9.99999997E-07
   3499264.0      9.99999997E-07
   3796268.0      9.99999997E-07
   4833882.0      9.99999997E-07
   10626720.      9.99999997E-07
   10626720.      9.99999997E-07
   10626720.      9.99999997E-07
   10626720.      9.99999997E-07
   10626720.      9.99999997E-07
   10626720.      9.99999997E-07
   10626720.      9.99999997E-07
   4576166.0      9.99999997E-07
   3499264.0      9.99999997E-07
   3191010.0      9.99999997E-07
   3499264.0      9.99999997E-07
   4576166.0      9.99999997E-07
   10626720.      9.99999997E-07
   10626720.      9.99999997E-07
   10626720.      9.99999997E-07
   10626720.      9.99999997E-07
   10626720.      9.99999997E-07
   10626720.      9.99999997E-07
   10626720.      9.99999997E-07
   4833882.0      9.99999997E-07
   3796268.0      9.99999997E-07
   3499264.0      9.99999997E-07
   3796268.0      9.99999997E-07
   4833882.0      9.99999997E-07
   10626720.      9.99999997E-07
   10626720.      9.99999997E-07
   10626720.      9.99999997E-07
   10626720.      9.99999997E-07
   10626720.      9.99999997E-07
   10626720.      9.99999997E-07
   10626720.      9.99999997E-07
   5734342.0      9.99999997E-07
   4833882.0      9.99999997E-07
   4576166.0      9.99999997E-07
   4833882.0      9.99999997E-07
   5734342.0      9.99999997E-07
   10626720.      9.99999997E-07
   10626720.      9.99999997E-07
   10626720.      9.99999997E-07
   10626720.      9.99999997E-07
   10626720.      9.99999997E-07
   10626720.      9.99999997E-07
   10626720.      9.99999997E-07
   10626720.      9.99999997E-07
   10626720.      9.99999997E-07
   10626720.      9.99999997E-07
   10626720.      9.99999997E-07
   10626720.      9.99999997E-07
   10626720.      9.99999997E-07
   10626720.      9.99999997E-07
   10626720.      9.99999997E-07
