  0.43261719       100000.00    
  0.43261719       100000.00    
  0.43261719       100000.00    
  0.43261719       100000.00    
  0.43261719       100000.00    
  0.43261719       100000.00    
  0.43261719       100000.00    
  0.43261719       100000.00    
  0.43261719       100000.00    
  0.43261719       100000.00    
  0.43261719       100000.00    
  0.43261719       100000.00    
  0.43261719       100000.00    
  0.43261719       100000.00    
  0.43261719       100000.00    
  0.43261719       100000.00    
 -0.26269531       100000.00    
 -0.60449219       100000.00    
 -0.71093750       100000.00    
 -0.60449219       100000.00    
 -0.26269531       100000.00    
  0.43261719       100000.00    
  0.43261719       100000.00    
  0.43261719       100000.00    
  0.43261719       100000.00    
  0.43261719       100000.00    
  0.43261719       100000.00    
  0.43261719       100000.00    
 -0.60449219       100000.00    
  -1.0527344       100000.00    
  -1.1884766       100000.00    
  -1.0527344       100000.00    
 -0.60449219       100000.00    
  0.43261719       100000.00    
  0.43261719       100000.00    
  0.43261719       100000.00    
  0.43261719       100000.00    
  0.43261719       100000.00    
  0.43261719       100000.00    
  0.43261719       100000.00    
 -0.71093750       100000.00    
  -1.1884766       100000.00    
  -1.3330078       100000.00    
  -1.1884766       100000.00    
 -0.71093750       100000.00    
  0.43261719       100000.00    
  0.43261719       100000.00    
  0.43261719       100000.00    
  0.43261719       100000.00    
  0.43261719       100000.00    
  0.43261719       100000.00    
  0.43261719       100000.00    
 -0.60449219       100000.00    
  -1.0527344       100000.00    
  -1.1884766       100000.00    
  -1.0527344       100000.00    
 -0.60449219       100000.00    
  0.43261719       100000.00    
  0.43261719       100000.00    
  0.43261719       100000.00    
  0.43261719       100000.00    
  0.43261719       100000.00    
  0.43261719       100000.00    
  0.43261719       100000.00    
 -0.26269531       100000.00    
 -0.60449219       100000.00    
 -0.71093750       100000.00    
 -0.60449219       100000.00    
 -0.26269531       100000.00    
  0.43261719       100000.00    
  0.43261719       100000.00    
  0.43261719       100000.00    
  0.43261719       100000.00    
  0.43261719       100000.00    
  0.43261719       100000.00    
  0.43261719       100000.00    
  0.43261719       100000.00    
  0.43261719       100000.00    
  0.43261719       100000.00    
  0.43261719       100000.00    
  0.43261719       100000.00    
  0.43261719       100000.00    
  0.43261719       100000.00    
  0.43261719       100000.00    
   29.156250       10000.000    
   29.156250       10000.000    
   29.156250       10000.000    
   29.156250       10000.000    
   29.156250       10000.000    
   29.156250       10000.000    
   29.156250       10000.000    
   29.156250       10000.000    
   29.156250       10000.000    
   29.156250       10000.000    
   29.156250       10000.000    
   29.156250       10000.000    
   29.156250       10000.000    
   29.156250       10000.000    
   29.156250       10000.000    
   29.156250       10000.000    
   7.1328125       10000.000    
 -0.99023438       10000.000    
  -3.3945313       10000.000    
 -0.99023438       10000.000    
   7.1328125       10000.000    
   29.156250       10000.000    
   29.156250       10000.000    
   29.156250       10000.000    
   29.156250       10000.000    
   29.156250       10000.000    
   29.156250       10000.000    
   29.156250       10000.000    
 -0.99023438       10000.000    
  -10.810547       10000.000    
  -13.675781       10000.000    
  -10.810547       10000.000    
 -0.99023438       10000.000    
   29.156250       10000.000    
   29.156250       10000.000    
   29.156250       10000.000    
   29.156250       10000.000    
   29.156250       10000.000    
   29.156250       10000.000    
   29.156250       10000.000    
  -3.3945313       10000.000    
  -13.675781       10000.000    
  -16.669922       10000.000    
  -13.675781       10000.000    
  -3.3945313       10000.000    
   29.156250       10000.000    
   29.156250       10000.000    
   29.156250       10000.000    
   29.156250       10000.000    
   29.156250       10000.000    
   29.156250       10000.000    
   29.156250       10000.000    
 -0.99023438       10000.000    
  -10.810547       10000.000    
  -13.675781       10000.000    
  -10.810547       10000.000    
 -0.99023438       10000.000    
   29.156250       10000.000    
   29.156250       10000.000    
   29.156250       10000.000    
   29.156250       10000.000    
   29.156250       10000.000    
   29.156250       10000.000    
   29.156250       10000.000    
   7.1328125       10000.000    
 -0.99023438       10000.000    
  -3.3945313       10000.000    
 -0.99023438       10000.000    
   7.1328125       10000.000    
   29.156250       10000.000    
   29.156250       10000.000    
   29.156250       10000.000    
   29.156250       10000.000    
   29.156250       10000.000    
   29.156250       10000.000    
   29.156250       10000.000    
   29.156250       10000.000    
   29.156250       10000.000    
   29.156250       10000.000    
   29.156250       10000.000    
   29.156250       10000.000    
   29.156250       10000.000    
   29.156250       10000.000    
   29.156250       10000.000    
   267.83594       1000.0000    
   267.83594       1000.0000    
   267.83594       1000.0000    
   267.83594       1000.0000    
   267.83594       1000.0000    
   267.83594       1000.0000    
   267.83594       1000.0000    
   267.83594       1000.0000    
   267.83594       1000.0000    
   267.83594       1000.0000    
   267.83594       1000.0000    
   267.83594       1000.0000    
   267.83594       1000.0000    
   267.83594       1000.0000    
   267.83594       1000.0000    
   267.83594       1000.0000    
   115.87500       1000.0000    
   71.750000       1000.0000    
   58.988281       1000.0000    
   71.750000       1000.0000    
   115.87500       1000.0000    
   267.83594       1000.0000    
   267.83594       1000.0000    
   267.83594       1000.0000    
   267.83594       1000.0000    
   267.83594       1000.0000    
   267.83594       1000.0000    
   267.83594       1000.0000    
   71.750000       1000.0000    
   20.164063       1000.0000    
   5.3242188       1000.0000    
   20.164063       1000.0000    
   71.750000       1000.0000    
   267.83594       1000.0000    
   267.83594       1000.0000    
   267.83594       1000.0000    
   267.83594       1000.0000    
   267.83594       1000.0000    
   267.83594       1000.0000    
   267.83594       1000.0000    
   58.988281       1000.0000    
   5.3242188       1000.0000    
  -10.097656       1000.0000    
   5.3242188       1000.0000    
   58.988281       1000.0000    
   267.83594       1000.0000    
   267.83594       1000.0000    
   267.83594       1000.0000    
   267.83594       1000.0000    
   267.83594       1000.0000    
   267.83594       1000.0000    
   267.83594       1000.0000    
   71.750000       1000.0000    
   20.164063       1000.0000    
   5.3242188       1000.0000    
   20.164063       1000.0000    
   71.750000       1000.0000    
   267.83594       1000.0000    
   267.83594       1000.0000    
   267.83594       1000.0000    
   267.83594       1000.0000    
   267.83594       1000.0000    
   267.83594       1000.0000    
   267.83594       1000.0000    
   115.87500       1000.0000    
   71.750000       1000.0000    
   58.988281       1000.0000    
   71.750000       1000.0000    
   115.87500       1000.0000    
   267.83594       1000.0000    
   267.83594       1000.0000    
   267.83594       1000.0000    
   267.83594       1000.0000    
   267.83594       1000.0000    
   267.83594       1000.0000    
   267.83594       1000.0000    
   267.83594       1000.0000    
   267.83594       1000.0000    
   267.83594       1000.0000    
   267.83594       1000.0000    
   267.83594       1000.0000    
   267.83594       1000.0000    
   267.83594       1000.0000    
   267.83594       1000.0000    
   1581.7813       100.00000    
   1581.7813       100.00000    
   1581.7813       100.00000    
   1581.7813       100.00000    
   1581.7813       100.00000    
   1581.7813       100.00000    
   1581.7813       100.00000    
   1581.7813       100.00000    
   1581.7813       100.00000    
   1581.7813       100.00000    
   1581.7813       100.00000    
   1581.7813       100.00000    
   1581.7813       100.00000    
   1581.7813       100.00000    
   1581.7813       100.00000    
   1581.7813       100.00000    
   755.47656       100.00000    
   540.99219       100.00000    
   479.32813       100.00000    
   540.99219       100.00000    
   755.47656       100.00000    
   1581.7813       100.00000    
   1581.7813       100.00000    
   1581.7813       100.00000    
   1581.7813       100.00000    
   1581.7813       100.00000    
   1581.7813       100.00000    
   1581.7813       100.00000    
   540.99219       100.00000    
   292.39063       100.00000    
   221.12500       100.00000    
   292.39063       100.00000    
   540.99219       100.00000    
   1581.7813       100.00000    
   1581.7813       100.00000    
   1581.7813       100.00000    
   1581.7813       100.00000    
   1581.7813       100.00000    
   1581.7813       100.00000    
   1581.7813       100.00000    
   479.32813       100.00000    
   221.12500       100.00000    
   147.15625       100.00000    
   221.12500       100.00000    
   479.32813       100.00000    
   1581.7813       100.00000    
   1581.7813       100.00000    
   1581.7813       100.00000    
   1581.7813       100.00000    
   1581.7813       100.00000    
   1581.7813       100.00000    
   1581.7813       100.00000    
   540.99219       100.00000    
   292.39063       100.00000    
   221.12500       100.00000    
   292.39063       100.00000    
   540.99219       100.00000    
   1581.7813       100.00000    
   1581.7813       100.00000    
   1581.7813       100.00000    
   1581.7813       100.00000    
   1581.7813       100.00000    
   1581.7813       100.00000    
   1581.7813       100.00000    
   755.47656       100.00000    
   540.99219       100.00000    
   479.32813       100.00000    
   540.99219       100.00000    
   755.47656       100.00000    
   1581.7813       100.00000    
   1581.7813       100.00000    
   1581.7813       100.00000    
   1581.7813       100.00000    
   1581.7813       100.00000    
   1581.7813       100.00000    
   1581.7813       100.00000    
   1581.7813       100.00000    
   1581.7813       100.00000    
   1581.7813       100.00000    
   1581.7813       100.00000    
   1581.7813       100.00000    
   1581.7813       100.00000    
   1581.7813       100.00000    
   1581.7813       100.00000    
   10803.750       10.000000    
   10803.750       10.000000    
   10803.750       10.000000    
   10803.750       10.000000    
   10803.750       10.000000    
   10803.750       10.000000    
   10803.750       10.000000    
   10803.750       10.000000    
   10803.750       10.000000    
   10803.750       10.000000    
   10803.750       10.000000    
   10803.750       10.000000    
   10803.750       10.000000    
   10803.750       10.000000    
   10803.750       10.000000    
   10803.750       10.000000    
   5399.9688       10.000000    
   4145.5625       10.000000    
   3786.2969       10.000000    
   4145.5625       10.000000    
   5399.9688       10.000000    
   10803.750       10.000000    
   10803.750       10.000000    
   10803.750       10.000000    
   10803.750       10.000000    
   10803.750       10.000000    
   10803.750       10.000000    
   10803.750       10.000000    
   4145.5625       10.000000    
   2699.4531       10.000000    
   2285.8750       10.000000    
   2699.4531       10.000000    
   4145.5625       10.000000    
   10803.750       10.000000    
   10803.750       10.000000    
   10803.750       10.000000    
   10803.750       10.000000    
   10803.750       10.000000    
   10803.750       10.000000    
   10803.750       10.000000    
   3786.2969       10.000000    
   2285.8750       10.000000    
   1856.8750       10.000000    
   2285.8750       10.000000    
   3786.2969       10.000000    
   10803.750       10.000000    
   10803.750       10.000000    
   10803.750       10.000000    
   10803.750       10.000000    
   10803.750       10.000000    
   10803.750       10.000000    
   10803.750       10.000000    
   4145.5625       10.000000    
   2699.4531       10.000000    
   2285.8750       10.000000    
   2699.4531       10.000000    
   4145.5625       10.000000    
   10803.750       10.000000    
   10803.750       10.000000    
   10803.750       10.000000    
   10803.750       10.000000    
   10803.750       10.000000    
   10803.750       10.000000    
   10803.750       10.000000    
   5399.9688       10.000000    
   4145.5625       10.000000    
   3786.2969       10.000000    
   4145.5625       10.000000    
   5399.9688       10.000000    
   10803.750       10.000000    
   10803.750       10.000000    
   10803.750       10.000000    
   10803.750       10.000000    
   10803.750       10.000000    
   10803.750       10.000000    
   10803.750       10.000000    
   10803.750       10.000000    
   10803.750       10.000000    
   10803.750       10.000000    
   10803.750       10.000000    
   10803.750       10.000000    
   10803.750       10.000000    
   10803.750       10.000000    
   10803.750       10.000000    
   53902.688       1.0000000    
   53902.688       1.0000000    
   53902.688       1.0000000    
   53902.688       1.0000000    
   53902.688       1.0000000    
   53902.688       1.0000000    
   53902.688       1.0000000    
   53902.688       1.0000000    
   53902.688       1.0000000    
   53902.688       1.0000000    
   53902.688       1.0000000    
   53902.688       1.0000000    
   53902.688       1.0000000    
   53902.688       1.0000000    
   53902.688       1.0000000    
   53902.688       1.0000000    
   27973.250       1.0000000    
   22601.406       1.0000000    
   21066.188       1.0000000    
   22601.406       1.0000000    
   27973.250       1.0000000    
   53902.688       1.0000000    
   53902.688       1.0000000    
   53902.688       1.0000000    
   53902.688       1.0000000    
   53902.688       1.0000000    
   53902.688       1.0000000    
   53902.688       1.0000000    
   22601.406       1.0000000    
   16427.656       1.0000000    
   14664.250       1.0000000    
   16427.656       1.0000000    
   22601.406       1.0000000    
   53902.688       1.0000000    
   53902.688       1.0000000    
   53902.688       1.0000000    
   53902.688       1.0000000    
   53902.688       1.0000000    
   53902.688       1.0000000    
   53902.688       1.0000000    
   21066.188       1.0000000    
   14664.250       1.0000000    
   12835.781       1.0000000    
   14664.250       1.0000000    
   21066.188       1.0000000    
   53902.688       1.0000000    
   53902.688       1.0000000    
   53902.688       1.0000000    
   53902.688       1.0000000    
   53902.688       1.0000000    
   53902.688       1.0000000    
   53902.688       1.0000000    
   22601.406       1.0000000    
   16427.656       1.0000000    
   14664.250       1.0000000    
   16427.656       1.0000000    
   22601.406       1.0000000    
   53902.688       1.0000000    
   53902.688       1.0000000    
   53902.688       1.0000000    
   53902.688       1.0000000    
   53902.688       1.0000000    
   53902.688       1.0000000    
   53902.688       1.0000000    
   27973.250       1.0000000    
   22601.406       1.0000000    
   21066.188       1.0000000    
   22601.406       1.0000000    
   27973.250       1.0000000    
   53902.688       1.0000000    
   53902.688       1.0000000    
   53902.688       1.0000000    
   53902.688       1.0000000    
   53902.688       1.0000000    
   53902.688       1.0000000    
   53902.688       1.0000000    
   53902.688       1.0000000    
   53902.688       1.0000000    
   53902.688       1.0000000    
   53902.688       1.0000000    
   53902.688       1.0000000    
   53902.688       1.0000000    
   53902.688       1.0000000    
   53902.688       1.0000000    
   122165.44      0.10000000    
   122165.44      0.10000000    
   122165.44      0.10000000    
   122165.44      0.10000000    
   122165.44      0.10000000    
   122165.44      0.10000000    
   122165.44      0.10000000    
   122165.44      0.10000000    
   122165.44      0.10000000    
   122165.44      0.10000000    
   122165.44      0.10000000    
   122165.44      0.10000000    
   122165.44      0.10000000    
   122165.44      0.10000000    
   122165.44      0.10000000    
   122165.44      0.10000000    
   65189.875      0.10000000    
   54855.063      0.10000000    
   51904.625      0.10000000    
   54855.063      0.10000000    
   65189.875      0.10000000    
   122165.44      0.10000000    
   122165.44      0.10000000    
   122165.44      0.10000000    
   122165.44      0.10000000    
   122165.44      0.10000000    
   122165.44      0.10000000    
   122165.44      0.10000000    
   54855.063      0.10000000    
   42995.313      0.10000000    
   39609.813      0.10000000    
   42995.313      0.10000000    
   54855.063      0.10000000    
   122165.44      0.10000000    
   122165.44      0.10000000    
   122165.44      0.10000000    
   122165.44      0.10000000    
   122165.44      0.10000000    
   122165.44      0.10000000    
   122165.44      0.10000000    
   51904.625      0.10000000    
   39609.813      0.10000000    
   36100.188      0.10000000    
   39609.813      0.10000000    
   51904.625      0.10000000    
   122165.44      0.10000000    
   122165.44      0.10000000    
   122165.44      0.10000000    
   122165.44      0.10000000    
   122165.44      0.10000000    
   122165.44      0.10000000    
   122165.44      0.10000000    
   54855.063      0.10000000    
   42995.313      0.10000000    
   39609.813      0.10000000    
   42995.313      0.10000000    
   54855.063      0.10000000    
   122165.44      0.10000000    
   122165.44      0.10000000    
   122165.44      0.10000000    
   122165.44      0.10000000    
   122165.44      0.10000000    
   122165.44      0.10000000    
   122165.44      0.10000000    
   65189.875      0.10000000    
   54855.063      0.10000000    
   51904.625      0.10000000    
   54855.063      0.10000000    
   65189.875      0.10000000    
   122165.44      0.10000000    
   122165.44      0.10000000    
   122165.44      0.10000000    
   122165.44      0.10000000    
   122165.44      0.10000000    
   122165.44      0.10000000    
   122165.44      0.10000000    
   122165.44      0.10000000    
   122165.44      0.10000000    
   122165.44      0.10000000    
   122165.44      0.10000000    
   122165.44      0.10000000    
   122165.44      0.10000000    
   122165.44      0.10000000    
   122165.44      0.10000000    
   255828.13      9.99999978E-03
   255828.13      9.99999978E-03
   255828.13      9.99999978E-03
   255828.13      9.99999978E-03
   255828.13      9.99999978E-03
   255828.13      9.99999978E-03
   255828.13      9.99999978E-03
   255828.13      9.99999978E-03
   255828.13      9.99999978E-03
   255828.13      9.99999978E-03
   255828.13      9.99999978E-03
   255828.13      9.99999978E-03
   255828.13      9.99999978E-03
   255828.13      9.99999978E-03
   255828.13      9.99999978E-03
   255828.13      9.99999978E-03
   136515.00      9.99999978E-03
   114872.63      9.99999978E-03
   108694.00      9.99999978E-03
   114872.63      9.99999978E-03
   136515.00      9.99999978E-03
   255828.13      9.99999978E-03
   255828.13      9.99999978E-03
   255828.13      9.99999978E-03
   255828.13      9.99999978E-03
   255828.13      9.99999978E-03
   255828.13      9.99999978E-03
   255828.13      9.99999978E-03
   114872.63      9.99999978E-03
   90037.000      9.99999978E-03
   82947.375      9.99999978E-03
   90037.000      9.99999978E-03
   114872.63      9.99999978E-03
   255828.13      9.99999978E-03
   255828.13      9.99999978E-03
   255828.13      9.99999978E-03
   255828.13      9.99999978E-03
   255828.13      9.99999978E-03
   255828.13      9.99999978E-03
   255828.13      9.99999978E-03
   108694.00      9.99999978E-03
   82947.375      9.99999978E-03
   75597.875      9.99999978E-03
   82947.375      9.99999978E-03
   108694.00      9.99999978E-03
   255828.13      9.99999978E-03
   255828.13      9.99999978E-03
   255828.13      9.99999978E-03
   255828.13      9.99999978E-03
   255828.13      9.99999978E-03
   255828.13      9.99999978E-03
   255828.13      9.99999978E-03
   114872.63      9.99999978E-03
   90037.000      9.99999978E-03
   82947.375      9.99999978E-03
   90037.000      9.99999978E-03
   114872.63      9.99999978E-03
   255828.13      9.99999978E-03
   255828.13      9.99999978E-03
   255828.13      9.99999978E-03
   255828.13      9.99999978E-03
   255828.13      9.99999978E-03
   255828.13      9.99999978E-03
   255828.13      9.99999978E-03
   136515.00      9.99999978E-03
   114872.63      9.99999978E-03
   108694.00      9.99999978E-03
   114872.63      9.99999978E-03
   136515.00      9.99999978E-03
   255828.13      9.99999978E-03
   255828.13      9.99999978E-03
   255828.13      9.99999978E-03
   255828.13      9.99999978E-03
   255828.13      9.99999978E-03
   255828.13      9.99999978E-03
   255828.13      9.99999978E-03
   255828.13      9.99999978E-03
   255828.13      9.99999978E-03
   255828.13      9.99999978E-03
   255828.13      9.99999978E-03
   255828.13      9.99999978E-03
   255828.13      9.99999978E-03
   255828.13      9.99999978E-03
   255828.13      9.99999978E-03
   535733.00      1.00000005E-03
   535733.00      1.00000005E-03
   535733.00      1.00000005E-03
   535733.00      1.00000005E-03
   535733.00      1.00000005E-03
   535733.00      1.00000005E-03
   535733.00      1.00000005E-03
   535733.00      1.00000005E-03
   535733.00      1.00000005E-03
   535733.00      1.00000005E-03
   535733.00      1.00000005E-03
   535733.00      1.00000005E-03
   535733.00      1.00000005E-03
   535733.00      1.00000005E-03
   535733.00      1.00000005E-03
   535733.00      1.00000005E-03
   285877.75      1.00000005E-03
   240556.25      1.00000005E-03
   227617.50      1.00000005E-03
   240556.25      1.00000005E-03
   285877.75      1.00000005E-03
   535733.00      1.00000005E-03
   535733.00      1.00000005E-03
   535733.00      1.00000005E-03
   535733.00      1.00000005E-03
   535733.00      1.00000005E-03
   535733.00      1.00000005E-03
   535733.00      1.00000005E-03
   240556.25      1.00000005E-03
   188547.75      1.00000005E-03
   173701.25      1.00000005E-03
   188547.75      1.00000005E-03
   240556.25      1.00000005E-03
   535733.00      1.00000005E-03
   535733.00      1.00000005E-03
   535733.00      1.00000005E-03
   535733.00      1.00000005E-03
   535733.00      1.00000005E-03
   535733.00      1.00000005E-03
   535733.00      1.00000005E-03
   227617.50      1.00000005E-03
   173701.25      1.00000005E-03
   158310.50      1.00000005E-03
   173701.25      1.00000005E-03
   227617.50      1.00000005E-03
   535733.00      1.00000005E-03
   535733.00      1.00000005E-03
   535733.00      1.00000005E-03
   535733.00      1.00000005E-03
   535733.00      1.00000005E-03
   535733.00      1.00000005E-03
   535733.00      1.00000005E-03
   240556.25      1.00000005E-03
   188547.75      1.00000005E-03
   173701.25      1.00000005E-03
   188547.75      1.00000005E-03
   240556.25      1.00000005E-03
   535733.00      1.00000005E-03
   535733.00      1.00000005E-03
   535733.00      1.00000005E-03
   535733.00      1.00000005E-03
   535733.00      1.00000005E-03
   535733.00      1.00000005E-03
   535733.00      1.00000005E-03
   285877.75      1.00000005E-03
   240556.25      1.00000005E-03
   227617.50      1.00000005E-03
   240556.25      1.00000005E-03
   285877.75      1.00000005E-03
   535733.00      1.00000005E-03
   535733.00      1.00000005E-03
   535733.00      1.00000005E-03
   535733.00      1.00000005E-03
   535733.00      1.00000005E-03
   535733.00      1.00000005E-03
   535733.00      1.00000005E-03
   535733.00      1.00000005E-03
   535733.00      1.00000005E-03
   535733.00      1.00000005E-03
   535733.00      1.00000005E-03
   535733.00      1.00000005E-03
   535733.00      1.00000005E-03
   535733.00      1.00000005E-03
   535733.00      1.00000005E-03
   1121885.0      9.99999975E-05
   1121885.0      9.99999975E-05
   1121885.0      9.99999975E-05
   1121885.0      9.99999975E-05
   1121885.0      9.99999975E-05
   1121885.0      9.99999975E-05
   1121885.0      9.99999975E-05
   1121885.0      9.99999975E-05
   1121885.0      9.99999975E-05
   1121885.0      9.99999975E-05
   1121885.0      9.99999975E-05
   1121885.0      9.99999975E-05
   1121885.0      9.99999975E-05
   1121885.0      9.99999975E-05
   1121885.0      9.99999975E-05
   1121885.0      9.99999975E-05
   598660.00      9.99999975E-05
   503752.00      9.99999975E-05
   476657.00      9.99999975E-05
   503752.00      9.99999975E-05
   598660.00      9.99999975E-05
   1121885.0      9.99999975E-05
   1121885.0      9.99999975E-05
   1121885.0      9.99999975E-05
   1121885.0      9.99999975E-05
   1121885.0      9.99999975E-05
   1121885.0      9.99999975E-05
   1121885.0      9.99999975E-05
   503752.00      9.99999975E-05
   394840.00      9.99999975E-05
   363750.00      9.99999975E-05
   394840.00      9.99999975E-05
   503752.00      9.99999975E-05
   1121885.0      9.99999975E-05
   1121885.0      9.99999975E-05
   1121885.0      9.99999975E-05
   1121885.0      9.99999975E-05
   1121885.0      9.99999975E-05
   1121885.0      9.99999975E-05
   1121885.0      9.99999975E-05
   476657.00      9.99999975E-05
   363750.00      9.99999975E-05
   331520.00      9.99999975E-05
   363750.00      9.99999975E-05
   476657.00      9.99999975E-05
   1121885.0      9.99999975E-05
   1121885.0      9.99999975E-05
   1121885.0      9.99999975E-05
   1121885.0      9.99999975E-05
   1121885.0      9.99999975E-05
   1121885.0      9.99999975E-05
   1121885.0      9.99999975E-05
   503752.00      9.99999975E-05
   394840.00      9.99999975E-05
   363750.00      9.99999975E-05
   394840.00      9.99999975E-05
   503752.00      9.99999975E-05
   1121885.0      9.99999975E-05
   1121885.0      9.99999975E-05
   1121885.0      9.99999975E-05
   1121885.0      9.99999975E-05
   1121885.0      9.99999975E-05
   1121885.0      9.99999975E-05
   1121885.0      9.99999975E-05
   598660.00      9.99999975E-05
   503752.00      9.99999975E-05
   476657.00      9.99999975E-05
   503752.00      9.99999975E-05
   598660.00      9.99999975E-05
   1121885.0      9.99999975E-05
   1121885.0      9.99999975E-05
   1121885.0      9.99999975E-05
   1121885.0      9.99999975E-05
   1121885.0      9.99999975E-05
   1121885.0      9.99999975E-05
   1121885.0      9.99999975E-05
   1121885.0      9.99999975E-05
   1121885.0      9.99999975E-05
   1121885.0      9.99999975E-05
   1121885.0      9.99999975E-05
   1121885.0      9.99999975E-05
   1121885.0      9.99999975E-05
   1121885.0      9.99999975E-05
   1121885.0      9.99999975E-05
   2349354.0      9.99999975E-06
   2349354.0      9.99999975E-06
   2349354.0      9.99999975E-06
   2349354.0      9.99999975E-06
   2349354.0      9.99999975E-06
   2349354.0      9.99999975E-06
   2349354.0      9.99999975E-06
   2349354.0      9.99999975E-06
   2349354.0      9.99999975E-06
   2349354.0      9.99999975E-06
   2349354.0      9.99999975E-06
   2349354.0      9.99999975E-06
   2349354.0      9.99999975E-06
   2349354.0      9.99999975E-06
   2349354.0      9.99999975E-06
   2349354.0      9.99999975E-06
   1253662.0      9.99999975E-06
   1054913.0      9.99999975E-06
   998173.00      9.99999975E-06
   1054913.0      9.99999975E-06
   1253662.0      9.99999975E-06
   2349354.0      9.99999975E-06
   2349354.0      9.99999975E-06
   2349354.0      9.99999975E-06
   2349354.0      9.99999975E-06
   2349354.0      9.99999975E-06
   2349354.0      9.99999975E-06
   2349354.0      9.99999975E-06
   1054913.0      9.99999975E-06
   826839.00      9.99999975E-06
   761733.00      9.99999975E-06
   826839.00      9.99999975E-06
   1054913.0      9.99999975E-06
   2349354.0      9.99999975E-06
   2349354.0      9.99999975E-06
   2349354.0      9.99999975E-06
   2349354.0      9.99999975E-06
   2349354.0      9.99999975E-06
   2349354.0      9.99999975E-06
   2349354.0      9.99999975E-06
   998173.00      9.99999975E-06
   761733.00      9.99999975E-06
   694240.00      9.99999975E-06
   761733.00      9.99999975E-06
   998173.00      9.99999975E-06
   2349354.0      9.99999975E-06
   2349354.0      9.99999975E-06
   2349354.0      9.99999975E-06
   2349354.0      9.99999975E-06
   2349354.0      9.99999975E-06
   2349354.0      9.99999975E-06
   2349354.0      9.99999975E-06
   1054913.0      9.99999975E-06
   826839.00      9.99999975E-06
   761733.00      9.99999975E-06
   826839.00      9.99999975E-06
   1054913.0      9.99999975E-06
   2349354.0      9.99999975E-06
   2349354.0      9.99999975E-06
   2349354.0      9.99999975E-06
   2349354.0      9.99999975E-06
   2349354.0      9.99999975E-06
   2349354.0      9.99999975E-06
   2349354.0      9.99999975E-06
   1253662.0      9.99999975E-06
   1054913.0      9.99999975E-06
   998173.00      9.99999975E-06
   1054913.0      9.99999975E-06
   1253662.0      9.99999975E-06
   2349354.0      9.99999975E-06
   2349354.0      9.99999975E-06
   2349354.0      9.99999975E-06
   2349354.0      9.99999975E-06
   2349354.0      9.99999975E-06
   2349354.0      9.99999975E-06
   2349354.0      9.99999975E-06
   2349354.0      9.99999975E-06
   2349354.0      9.99999975E-06
   2349354.0      9.99999975E-06
   2349354.0      9.99999975E-06
   2349354.0      9.99999975E-06
   2349354.0      9.99999975E-06
   2349354.0      9.99999975E-06
   2349354.0      9.99999975E-06
   4919810.0      9.99999997E-07
   4919810.0      9.99999997E-07
   4919810.0      9.99999997E-07
   4919810.0      9.99999997E-07
   4919810.0      9.99999997E-07
   4919810.0      9.99999997E-07
   4919810.0      9.99999997E-07
   4919810.0      9.99999997E-07
   4919810.0      9.99999997E-07
   4919810.0      9.99999997E-07
   4919810.0      9.99999997E-07
   4919810.0      9.99999997E-07
   4919810.0      9.99999997E-07
   4919810.0      9.99999997E-07
   4919810.0      9.99999997E-07
   4919810.0      9.99999997E-07
   2625308.0      9.99999997E-07
   2209106.0      9.99999997E-07
   2090286.0      9.99999997E-07
   2209106.0      9.99999997E-07
   2625308.0      9.99999997E-07
   4919810.0      9.99999997E-07
   4919810.0      9.99999997E-07
   4919810.0      9.99999997E-07
   4919810.0      9.99999997E-07
   4919810.0      9.99999997E-07
   4919810.0      9.99999997E-07
   4919810.0      9.99999997E-07
   2209106.0      9.99999997E-07
   1731494.0      9.99999997E-07
   1595154.0      9.99999997E-07
   1731494.0      9.99999997E-07
   2209106.0      9.99999997E-07
   4919810.0      9.99999997E-07
   4919810.0      9.99999997E-07
   4919810.0      9.99999997E-07
   4919810.0      9.99999997E-07
   4919810.0      9.99999997E-07
   4919810.0      9.99999997E-07
   4919810.0      9.99999997E-07
   2090286.0      9.99999997E-07
   1595154.0      9.99999997E-07
   1453816.0      9.99999997E-07
   1595154.0      9.99999997E-07
   2090286.0      9.99999997E-07
   4919810.0      9.99999997E-07
   4919810.0      9.99999997E-07
   4919810.0      9.99999997E-07
   4919810.0      9.99999997E-07
   4919810.0      9.99999997E-07
   4919810.0      9.99999997E-07
   4919810.0      9.99999997E-07
   2209106.0      9.99999997E-07
   1731494.0      9.99999997E-07
   1595154.0      9.99999997E-07
   1731494.0      9.99999997E-07
   2209106.0      9.99999997E-07
   4919810.0      9.99999997E-07
   4919810.0      9.99999997E-07
   4919810.0      9.99999997E-07
   4919810.0      9.99999997E-07
   4919810.0      9.99999997E-07
   4919810.0      9.99999997E-07
   4919810.0      9.99999997E-07
   2625308.0      9.99999997E-07
   2209106.0      9.99999997E-07
   2090286.0      9.99999997E-07
   2209106.0      9.99999997E-07
   2625308.0      9.99999997E-07
   4919810.0      9.99999997E-07
   4919810.0      9.99999997E-07
   4919810.0      9.99999997E-07
   4919810.0      9.99999997E-07
   4919810.0      9.99999997E-07
   4919810.0      9.99999997E-07
   4919810.0      9.99999997E-07
   4919810.0      9.99999997E-07
   4919810.0      9.99999997E-07
   4919810.0      9.99999997E-07
   4919810.0      9.99999997E-07
   4919810.0      9.99999997E-07
   4919810.0      9.99999997E-07
   4919810.0      9.99999997E-07
   4919810.0      9.99999997E-07
