# The Night side forced Temperature for HD209458b
# Columns are: Sigma (P/P_0, P_0=220e5), Height(m), Temp(K)

   1.0000000         0.0000000         2758.7639    
  0.66386437         314608.00         2487.4170    
  0.44071597         629216.00         2248.6799    
  0.29257560         943824.00         2049.7468    
  0.19423053         1258424.0         1899.9128    
  0.12894271         1573032.0         1810.5620    
  8.56004879E-02     1887640.0         1795.1744    
  5.68271205E-02     2202248.0         1869.3286    
  3.77254970E-02     2516856.0         1560.9319    
  2.50446107E-02     2831464.0         1525.2612    
  1.66262239E-02     3146072.0         1493.7206    
  1.10375565E-02     3460672.0         1465.7317    
  7.32744299E-03     3775280.0         1435.2521    
  4.86443052E-03     4089888.0         1395.9132    
  3.22932168E-03     4404496.0         1343.5874    
  2.14383146E-03     4719104.0         1277.2321    
  1.42321317E-03     5033712.0         1198.6648    
  9.44819942E-04     5348320.0         1111.7695    
  6.27232541E-04     5662920.0         1021.4956    
  4.16397117E-04     5977528.0         932.88629    
  2.76431296E-04     6292136.0         850.29852    
  1.83512879E-04     6606744.0         776.87897    
  1.21827645E-04     6921352.0         714.32312    
  8.08770274E-05     7235960.0         662.88971    
  5.36914231E-05     7550560.0         621.61920    
  3.56438213E-05     7865168.0         588.69055    
  2.36626802E-05     8179776.0         561.84259    
  1.57087961E-05     8494384.0         538.78723    
  1.04285182E-05     8808992.0         517.56213    
  6.92312142E-06     9123600.0         496.78204    
  4.59601324E-06     9438208.0         475.72644    
  3.05112621E-06     9752808.0         454.33142    
