


   0.0000000         2758.7639    
   314608.00         2487.4170    
   629216.00         2248.6799    
   943824.00         2049.7468    
   1258424.0         1899.9128    
   1573032.0         1810.5620    
   1887640.0         1795.1744    
   2202248.0         1869.3286    
   2516856.0         2111.7024    
   2831464.0         2119.0388    
   3146072.0         2124.1133    
   3460672.0         2133.5032    
   3775280.0         2144.1943    
   4089888.0         2149.9216    
   4404496.0         2144.8484    
   4719104.0         2125.3384    
   5033712.0         2090.4758    
   5348320.0         2041.7983    
   5662920.0         1982.6195    
   5977528.0         1917.2052    
   6292136.0         1849.9904    
   6606744.0         1784.9332    
   6921352.0         1725.0818    
   7235960.0         1672.3499    
   7550560.0         1627.4969    
   7865168.0         1590.2700    
   8179776.0         1559.6504    
   8494384.0         1534.1643    
   8808992.0         1512.1941    
   9123600.0         1492.2546    
   9438208.0         1473.1899    
   9752808.0         1454.2701    
